0.851228
0.881078
0.849048
0.798082
0.881569
0.402211
0.687084
0.359048
0.732959
0.408417
0.735332
0.563533
0.673181
0.497684
0.471482
0.512784
0.518996
0.652616
0.235113
0.128305
0.602147
0.482289
0.579722
0.636018
0.461630
0.454042
0.632410
0.547699
0.593912
0.568570
0.373461
0.351400
0.275190
0.319624
0.384500
0.464506
0.644884
0.690060
0.653002
0.817557
0.719208
0.258523
0.619988
0.479482
0.799139
0.987428
0.532826
0.707174
0.379775
0.551832
0.516264
0.733213
0.729744
0.427150
0.732576
0.656837
0.143653
0.405371
0.581860
0.671039
0.737585
0.684662
0.593732
0.632776
0.799031
0.729814
0.428692
0.403161
0.428922
0.630429
0.409193
0.791514
0.688047
0.529997
0.495562
0.456659
0.491641
0.793188
0.459635
0.875978
0.652246
0.623274
0.535856
0.624748
0.871921
0.415322
0.662539
0.722770
0.479284
0.789272
0.696589
0.718780
0.388187
0.578240
0.723140
0.877446
0.780507
0.693086
0.675308
0.863979
0.573131
0.978713
0.679408
0.700740
0.809450
0.783543
0.697763
0.660074
0.736266
0.770342
0.767793
0.778033
0.636653
0.778453
0.735559
0.598002
0.721188
0.668629
0.725276
0.544025
0.916662
0.595946
0.679122
0.594683
0.701935
0.749199
0.551306
0.649620
0.776995
0.692582
0.517711
0.515505
0.702859
0.566888
0.621466
0.689091
0.795093
0.508533
0.840014
0.770503
0.732721
0.917978
0.830346
0.833756
0.615331
0.793796
0.863712
0.892313
0.849863
0.819600
0.826000
0.772737
0.835701
0.813822
0.846281
0.858193
0.922555
0.881526
0.726660
0.723355
0.595108
0.708685
0.918180
0.727926
0.850547
0.904882
0.862231
0.729203
0.715826
0.760545
0.416399
0.925411
0.938373
0.810610
0.871794
0.734832
0.621423
0.760770
0.781480
0.866696
0.742373
0.494814
0.892417
0.842910
0.551346
0.730854
0.576821
0.564764
0.565515
0.736104
0.787125
0.679886
0.529423
0.776033
0.379968
0.696842
0.527453
0.772415
0.806569
0.828289
0.814344
0.637158
0.480769
0.625238
0.600959
0.854620
0.683062
0.540216
0.421779
0.383132
0.579142
0.795973
0.714603
0.239991
0.668823
0.736929
0.308262
0.526952
0.763300
0.394384
0.339271
0.660994
0.822668
0.608602
0.273128
0.503081
0.600170
0.449044
0.390995
0.583963
0.493591
0.579354
0.724757
0.695504
0.524199
0.723495
0.470990
0.746946
0.504794
0.837446
0.246387
0.659873
0.406652
0.200870
0.529304
0.660692
0.566674
0.589302
0.396507
0.564867
0.230956
0.318302
0.644282
0.465687
0.516587
0.525291
0.559914
0.432022
0.576570
0.606505
0.506431
0.025595
0.280321
0.150280
0.571670
0.204595
0.152462
0.176217
0.666882
0.235834
0.090284
0.072074
0.116599
0.577337
0.353344
0.423572
0.487403
0.124981
0.099097
0.432355
0.417522
0.216823
0.042479
0.295215
0.517203
0.563164
0.263971
0.458512
0.292721
0.300768
0.534043
0.356415
0.347472
0.131565
0.445490
0.236928
0.792522
0.196618
0.556030
0.098899
0.197150
0.169679
0.498907
0.216509
0.245470
0.724581
0.559140
0.217012
0.822937
0.857754
0.408473
0.361393
0.576819
0.621330
0.488370
0.341653
0.586911
0.444824
0.287344
0.406162
0.575880
0.902283
0.802648
0.241833
0.292340
0.837328
0.888122
0.597764
0.826335
0.806588
0.404287
0.723374
0.626266
0.581503
0.585323
0.578668
0.854962
0.436622
0.768738
0.588063
0.570903
0.805993
0.657523
0.526442
0.610195
0.473542
0.824209
0.753783
0.911261
0.574163
0.755366
0.476277
0.692304
0.682976
0.380590
0.878889
0.855101
0.897130
0.609716
0.772374
0.818242
0.763216
0.747302
0.640208
0.369926
0.725506
0.596770
0.542582
0.759760
0.920817
0.037264
0.086215
0.621870
0.045268
0.609774
0.030368
0.031935
0.083052
0.106802
0.353475
0.495064
0.123291
0.214798
0.045969
0.067793
0.172241
0.130272
0.781785
0.795196
0.563645
0.906357
0.476738
0.860380
0.878281
0.804675
0.812789
0.498465
0.065061
0.257211
0.445291
0.794769
0.508728
0.490220
0.592819
0.220292
0.262194
0.416923
0.422553
0.542075
0.604968
0.307748
0.241131
0.259231
0.452010
0.492391
0.588113
0.453476
0.438311
0.742712
0.561468
0.362612
0.289458
0.699877
0.578967
0.900442
0.378748
0.332201
0.654949
0.472591
0.191255
0.744423
0.444388
0.611652
0.274124
0.207989
0.660002
0.497388
0.612530
0.177691
0.551421
0.397942
0.509926
0.648558
0.179232
0.639699
0.575908
0.255548
0.665465
0.371487
0.697511
0.178489
0.077334
0.462124
0.197815
0.595557
0.378283
0.551738
0.818724
0.338396
0.778102
0.183851
0.539460
0.491930
0.216076
0.705201
0.138955
0.613759
0.240428
0.124606
0.445865
0.424739
0.238351
0.750736
0.490647
0.197921
0.396974
0.859680
0.584473
0.345532
0.745050
0.340479
0.263717
0.327952
0.481330
0.686232
0.416521
0.521972
0.837193
0.418572
0.525581
0.836667
0.117358
0.449120
0.863081
0.423045
0.170942
0.461908
0.328890
0.527704
0.318419
0.432655
0.681869
0.151998
0.228130
0.842905
0.127938
0.645169
0.800504
0.292287
0.591904
0.777908
0.721306
0.448600
0.498413
0.359028
0.224608
0.739526
0.531126
0.503513
0.406236
0.295541
0.696805
0.676248
0.751634
0.828780
0.778803
0.601158
0.442879
0.325205
0.810394
0.987621
0.531443
0.693151
0.692515
0.667748
0.812868
0.714076
0.491260
0.791464
0.706188
0.758353
0.780247
0.728574
0.738507
0.663810
0.575578
0.537081
0.871250
0.621832
0.661651
0.832854
0.667629
0.801691
0.824010
0.648251
0.495720
0.833464
0.480506
0.523309
0.546945
0.622698
0.668873
0.642938
0.778559
0.630341
0.591080
0.889704
0.662422
0.592928
0.765952
0.765645
0.490780
0.821669
0.369537
0.553709
0.594334
0.688469
0.451435
0.863853
0.046008
0.558376
0.422749
0.698299
0.687006
0.806358
0.451283
0.481133
0.757131
0.475278
0.216614
0.653654
0.723452
0.252749
0.518923
0.539439
0.751983
0.780558
0.840610
0.797416
0.658021
0.636248
0.474681
0.788503
0.728137
0.365814
0.399682
0.324108
0.280746
0.547063
0.423873
0.794199
0.406030
0.439867
0.466749
0.573857
0.583512
0.241116
0.588990
0.461092
0.401636
0.200981
0.444530
0.231052
0.317356
0.357655
0.410504
0.342824
0.431215
0.421358
0.304730
0.550830
0.416861
0.539658
0.682061
0.440275
0.572900
0.564564
0.473002
0.521028
0.654293
0.401491
0.533853
0.425426
0.197636
0.422720
0.475942
0.488539
0.317531
0.209823
0.405725
0.201314
0.154767
0.348391
0.241454
0.908409
0.814384
0.766402
0.693938
0.682534
0.821510
0.395628
0.814221
0.533666
0.620996
0.874324
0.762572
0.740600
0.815297
0.524149
0.599177
0.601351
0.699416
0.885120
0.371435
0.655295
0.132238
0.797744
0.281167
0.112118
0.206468
0.161863
0.255701
0.629822
0.234723
0.645534
0.553654
0.166682
0.181889
0.254203
0.358475
0.619408
0.328359
0.693231
0.119517
0.359269
0.257475
0.128948
0.446161
0.042082
0.280942
0.492051
0.335241
0.119862
0.508543
0.253874
0.354032
0.359887
0.391269
0.556051
0.496968
0.416621
0.530874
0.540175
0.418821
0.357346
0.372998
0.164344
0.539062
0.539518
0.187561
0.554323
0.707697
0.298132
0.711668
0.725783
0.325304
0.589271
0.654450
0.565529
0.755969
0.552338
0.563021
0.415802
0.282110
0.158341
0.675661
0.299402
0.592152
0.400524
0.457425
0.109049
0.454738
0.553101
0.321390
0.139196
0.247988
0.667679
0.525892
0.184056
0.787564
0.355664
0.706830
0.166529
0.323875
0.484808
0.762571
0.689930
0.837184
0.736350
0.820002
0.736578
0.829803
0.954090
0.823575
0.674049
0.868548
0.897082
0.726972
0.919071
0.676187
0.734927
0.803620
0.778014
0.932008
0.858500
0.803474
0.660183
0.719454
0.786264
0.520169
0.475715
0.711212
0.801579
0.417861
0.692073
0.859894
0.903479
0.394088
0.295266
0.777813
0.897235
0.738622
0.698179
0.655522
0.533681
0.655052
0.535918
0.788934
0.844997
0.858184
0.632735
0.778005
0.660295
0.722439
0.889257
0.696122
0.689273
0.350611
0.390439
0.499654
0.733223
0.244268
0.391111
0.642714
0.820181
0.847794
0.330307
0.382938
0.534600
0.469723
0.460421
0.236913
0.459188
0.959441
0.549363
0.346692
0.180260
0.260299
0.506919
0.187576
0.719904
0.794664
0.451669
0.562701
0.541895
0.207192
0.312612
0.444929
0.520593
0.668280
0.801378
0.624754
0.647178
0.396058
0.352156
0.116017
0.875810
0.320125
0.640303
0.266593
0.502068
0.288739
0.461930
0.281942
0.452125
0.657522
0.851431
0.790246
0.807625
0.856538
0.799147
0.697675
0.640165
0.765855
0.856074
0.902377
0.819410
0.706821
0.886298
0.932626
0.799610
0.871928
0.846297
0.884846
0.754627
0.749423
0.876449
0.716556
0.708129
0.859593
0.784921
0.897920
0.529142
0.648987
0.938325
0.843981
0.751122
0.844252
0.759152
0.836935
0.577929
0.803717
0.791856
0.820391
0.837038
0.755811
0.750830
0.887338
0.727681
0.724728
0.859167
0.850289
0.821720
0.943801
0.816867
0.866149
0.836347
0.618633
0.583789
0.729720
0.512041
0.329491
0.206290
0.793213
0.481777
0.633620
0.371537
0.186570
0.595504
0.245913
0.749139
0.684483
0.261894
0.402564
0.795308
0.197674
0.414476
0.484401
0.617363
0.659653
0.696057
0.310012
0.725424
0.610445
0.589589
0.394302
0.216948
0.243697
0.662040
0.366495
0.703396
0.451768
0.423835
0.580460
0.718573
0.565419
0.769296
0.702738
0.963903
0.877441
0.819160
0.891633
0.946183
0.820488
0.775222
0.918545
0.746607
0.844035
0.443451
0.296658
0.644874
0.191846
0.333807
0.465569
0.451158
0.827490
0.496699
0.476503
0.653394
0.713322
0.178177
0.446482
0.614802
0.902795
0.415015
0.591984
0.665696
0.535053
0.709984
0.375874
0.187797
0.190369
0.460280
0.587599
0.644149
0.399986
0.495665
0.252120
0.182271
0.315466
0.261401
0.298083
0.562579
0.148588
0.163494
0.528961
0.306637
0.480996
0.322002
0.201757
0.549325
0.481189
0.121652
0.535629
0.259794
0.440988
0.120910
0.576172
0.397259
0.248154
0.173836
0.218690
0.251132
0.347733
0.473222
0.492749
0.616082
0.365527
0.254605
0.303426
0.223985
0.186667
0.707581
0.377684
0.347750
0.325262
0.474257
0.727091
0.230679
0.441838
0.302437
0.397112
0.158171
0.261295
0.113963
0.063967
0.275646
0.081319
0.481079
0.245220
0.581370
0.263416
0.404900
0.592332
0.692871
0.657339
0.407764
0.539116
0.051730
0.417889
0.313731
0.763788
0.452698
0.159106
0.595500
0.346782
0.135503
0.500435
0.417259
0.826476
0.544549
0.615578
0.510209
0.577834
0.478454
0.443227
0.601901
0.108248
0.170030
0.372106
0.929979
0.314721
0.710890
0.578407
0.521719
0.833669
0.471666
0.642387
0.324687
0.481894
0.731387
0.475329
0.716613
0.245363
0.421377
0.222635
0.297136
0.388310
0.755685
0.901782
0.954060
0.387399
0.361794
0.436098
0.620719
0.105802
0.709488
0.662045
0.374411
0.711799
0.505269
0.804662
0.730692
0.318235
0.476376
0.501393
0.618876
0.341848
0.505564
0.608900
0.545519
0.762388
0.802427
0.598317
0.379027
0.522623
0.887455
0.265595
0.365301
0.518795
0.875426
0.937006
0.660431
0.569229
0.341697
0.536622
0.597666
0.547976
0.630438
0.536846
0.449772
0.733430
0.903286
0.569894
0.729872
0.421971
0.335337
0.804891
0.410690
0.449867
0.258677
0.262340
0.255303
0.699782
0.750301
0.723999
0.689550
0.545484
0.584034
0.830167
0.619202
0.823477
0.723667
0.409732
0.791863
0.780933
0.724609
0.743437
0.732659
0.765921
0.730219
0.888401
0.914660
0.738302
0.742081
0.840125
0.884890
0.649260
0.562715
0.485810
0.862800
0.940080
0.730200
0.745383
0.761422
0.838352
0.708780
0.780200
0.398264
0.828625
0.752557
0.717280
0.682400
0.591763
0.689467
0.813844
0.642812
0.919401
0.656157
0.285815
0.267449
0.324368
0.389280
0.512091
0.697155
0.681377
0.483545
